
=== Band: under1000 ===
Full distribution by exact depth value:
 book_depth_plies  win_rate      n
                0  0.117978   1068
                1  0.491276  28829
                2  0.488571 155961
                3  0.458309 218191
                4  0.500191 183140
                5  0.453288 108377
                6  0.513126  59311
                7  0.433591  26924
                8  0.515364  13831
                9  0.435841   7684
               10  0.489796   3381
               11  0.444348   1150
               12  0.422642    265
               13  0.313765    494
               14  0.494253     87
               15  0.471698     53
               16  0.523810     21
               17  0.454545     22
               18  0.600000      5
               19  0.000000      2
               20  0.000000      1
               21  0.750000      4

Depth values dropped from plot (n < 500): [12, 13, 14, 15, 16, 17, 18, 19, 20, 21]

Box-Tidwell interaction term (depth_x_log_depth):
  coefficient = 0.002531
  p-value     = 0.550740
  verdict     = Linearity holds (p >= .05)

=== Band: 1000_1399 ===
Full distribution by exact depth value:
 book_depth_plies  win_rate      n
                0  0.119781   1461
                1  0.489285  73358
                2  0.498447 450481
                3  0.467007 659369
                4  0.509218 616942
                5  0.449908 505028
                6  0.507968 363395
                7  0.453963 174014
                8  0.508513  98031
                9  0.438947  59039
               10  0.498709  34864
               11  0.422371  12096
               12  0.412972   3654
               13  0.287179   7410
               14  0.420260   1925
               15  0.385763   1475
               16  0.479452    584
               17  0.396450    169
               18  0.456000    125
               19  0.284153    183
               20  0.677419     31
               21  0.478261     23
               22  0.666667      3
               25  1.000000      1
               28  0.000000      1

Depth values dropped from plot (n < 500): [17, 18, 19, 20, 21, 22, 25, 28]

Box-Tidwell interaction term (depth_x_log_depth):
  coefficient = -0.019733
  p-value     = 0.000000
  verdict     = LINEARITY VIOLATED (p < .05)

=== Band: 1400_1799 ===
Full distribution by exact depth value:
 book_depth_plies  win_rate      n
                0  0.082107   1291
                1  0.492407  93701
                2  0.503926 572969
                3  0.474233 943081
                4  0.508533 930119
                5  0.455483 675718
                6  0.508812 612399
                7  0.463055 348073
                8  0.505752 186720
                9  0.452358 118373
               10  0.493063  79290
               11  0.449784  29234
               12  0.469256  12051
               13  0.374845  12085
               14  0.446653   5886
               15  0.417551   4615
               16  0.505618   1958
               17  0.441140    807
               18  0.427119    590
               19  0.330118    933
               20  0.569948    193
               21  0.434483    145
               22  0.571429     42
               23  0.125000      8
               24  0.307692     13
               25  0.500000      4
               26  0.000000      3
               27  1.000000      2
               28  0.444444     18
               29  1.000000      1

Depth values dropped from plot (n < 500): [20, 21, 22, 23, 24, 25, 26, 27, 28, 29]

Box-Tidwell interaction term (depth_x_log_depth):
  coefficient = -0.008208
  p-value     = 0.000000
  verdict     = LINEARITY VIOLATED (p < .05)

=== Band: 1800_1999 ===
Full distribution by exact depth value:
 book_depth_plies  win_rate      n
                0  0.044674    291
                1  0.480990  26986
                2  0.507339 148991
                3  0.473095 280637
                4  0.510812 270865
                5  0.460660 181420
                6  0.507925 178418
                7  0.465177 132816
                8  0.503926  71183
                9  0.462305  45762
               10  0.502673  34611
               11  0.456173  16759
               12  0.481440   9752
               13  0.436264   5460
               14  0.491681   3486
               15  0.439013   2189
               16  0.520276   1159
               17  0.463889    720
               18  0.465011    443
               19  0.348765    324
               20  0.456522    138
               21  0.370370    108
               22  0.392157     51
               23  0.500000      8
               24  0.200000     15
               25  0.250000      4
               26  0.238095     21
               27  0.500000      2
               28  0.345455     55
               29  0.333333      3
               30  0.000000      1
               31  0.750000      4
               32  0.000000      1
               33  1.000000      1

Depth values dropped from plot (n < 500): [0, 18, 19, 20, 21, 22, 23, 24, 25, 26, 27, 28, 29, 30, 31, 32, 33]

Box-Tidwell interaction term (depth_x_log_depth):
  coefficient = -0.005039
  p-value     = 0.016053
  verdict     = LINEARITY VIOLATED (p < .05)